

Iteration 0


Refining 3 classes FP for type_3 = three_classes_close

Refining alpha =  4.60, lambda = 0.0
******************** State evolution (α= 4.60, λ=0.0, R_00 = [14.24  13.58  13.58  14.24]) ********************
  --sphere_n_batches: 5020, n_points: 4015905088
  --sphere_n_batches: 10040, n_points: 4015905088
[Iter 1]     R01 error: 4.6823,   Schur error: 7.5671,   S error: 0.7257
S_next: tensor([22.5943, 14.6572, 14.6485, 14.6445, 14.6572, 22.5994, 14.6567, 14.6528,
        14.6485, 14.6567, 22.5985, 14.6440, 14.6445, 14.6528, 14.6440, 22.5918],
       device='cuda:3')
R_01_next: tensor([35.1499, 33.5810, 33.5792, 33.5781, 33.5871, 35.1611, 33.5881, 33.5873,
        33.5795, 33.5828, 35.1536, 33.5788, 33.5775, 33.5809, 33.5784, 35.1566],
       device='cuda:3')
schur_next: tensor([40.0282, 25.2146, 25.1871, 25.1647, 25.2145, 40.0450, 25.2122, 25.1897,
        25.1871, 25.2123, 40.0529, 25.1647, 25.1647, 25.1897, 25.1647, 40.0571],
       device='cuda:3')
  --sphere_n_batches: 5020, n_points: 4015905088
  --sphere_n_batches: 10040, n_points: 4015905088
[Iter 2]     R01 error: 4.6287,   Schur error: 9.1533,   S error: 0.3932
S_next: tensor([22.7695, 14.7085, 14.7011, 14.6984, 14.7084, 22.7721, 14.7077, 14.7049,
        14.7012, 14.7077, 22.7719, 14.6977, 14.6983, 14.7049, 14.6976, 22.7679],
       device='cuda:3')
R_01_next: tensor([36.3568, 34.7261, 34.7242, 34.7231, 34.7269, 36.3624, 34.7273, 34.7265,
        34.7202, 34.7231, 36.3557, 34.7186, 34.7186, 34.7216, 34.7190, 36.3595],
       device='cuda:3')
schur_next: tensor([43.2943, 27.0648, 27.0401, 27.0214, 27.0647, 43.3179, 27.0574, 27.0378,
        27.0402, 27.0576, 43.3203, 27.0153, 27.0213, 27.0377, 27.0150, 43.3176],
       device='cuda:3')
  --sphere_n_batches: 5020, n_points: 4015905088
  --sphere_n_batches: 10040, n_points: 4015905088
[Iter 3]     R01 error: 4.6830,   Schur error: 9.9639,   S error: 1.0625
S_next: tensor([23.1615, 14.9158, 14.9092, 14.9071, 14.9158, 23.1621, 14.9143, 14.9122,
        14.9092, 14.9144, 23.1620, 14.9057, 14.9071, 14.9123, 14.9057, 23.1594],
       device='cuda:3')
R_01_next: tensor([37.5724, 35.8838, 35.8818, 35.8809, 35.8813, 37.5746, 35.8814, 35.8807,
        35.8755, 35.8782, 37.5685, 35.8736, 35.8757, 35.8784, 35.8760, 37.5747],
       device='cuda:3')
schur_next: tensor([46.7597, 29.1321, 29.1088, 29.0918, 29.1320, 46.7850, 29.1196, 29.1011,
        29.1088, 29.1197, 46.7867, 29.0799, 29.0918, 29.1012, 29.0799, 46.7827],
       device='cuda:3')
  --sphere_n_batches: 5020, n_points: 4015905088
  --sphere_n_batches: 10040, n_points: 4015905088
[Iter 4]     R01 error: 4.7352,   Schur error: 10.5256,   S error: 1.5535
S_next: tensor([23.7055, 15.2363, 15.2301, 15.2285, 15.2363, 23.7048, 15.2343, 15.2326,
        15.2300, 15.2343, 23.7046, 15.2266, 15.2284, 15.2326, 15.2265, 23.7024],
       device='cuda:3')
R_01_next: tensor([38.7988, 37.0545, 37.0525, 37.0516, 37.0498, 38.7985, 37.0496, 37.0490,
        37.0445, 37.0471, 38.7927, 37.0422, 37.0464, 37.0490, 37.0467, 38.8014],
       device='cuda:3')
schur_next: tensor([50.3655, 31.3467, 31.3237, 31.3074, 31.3465, 50.3918, 31.3297, 31.3116,
        31.3237, 31.3299, 50.3941, 31.2910, 31.3071, 31.3115, 31.2908, 50.3897],
       device='cuda:3')
  --sphere_n_batches: 5020, n_points: 4015905088
  --sphere_n_batches: 10040, n_points: 4015905088
[Iter 5]     R01 error: 4.7658,   Schur error: 10.9860,   S error: 1.9174
S_next: tensor([24.3595, 15.6414, 15.6353, 15.6341, 15.6414, 24.3581, 15.6390, 15.6377,
        15.6353, 15.6390, 24.3574, 15.6318, 15.6341, 15.6377, 15.6318, 24.3550],
       device='cuda:3')
R_01_next: tensor([40.0313, 38.2331, 38.2311, 38.2303, 38.2266, 40.0291, 38.2261, 38.2257,
        38.2214, 38.2240, 40.0233, 38.2188, 38.2252, 38.2277, 38.2255, 40.0347],
       device='cuda:3')
schur_next: tensor([54.0916, 33.6780, 33.6546, 33.6383, 33.6780, 54.1196, 33.6574, 33.6389,
        33.6547, 33.6574, 54.1227, 33.6182, 33.6381, 33.6386, 33.6180, 54.1186],
       device='cuda:3')

Refining alpha =  4.80, lambda = 0.0
******************** State evolution (α= 4.80, λ=0.0, R_00 = [14.24  13.58  13.58  14.24]) ********************
  --sphere_n_batches: 5020, n_points: 4015905088
  --sphere_n_batches: 10040, n_points: 4015905088
[Iter 1]     R01 error: 4.3717,   Schur error: 5.9389,   S error: 0.6559
S_next: tensor([19.7198, 12.4977, 12.4928, 12.4927, 12.4977, 19.7245, 12.4998, 12.4999,
        12.4928, 12.4998, 19.7254, 12.4952, 12.4927, 12.4999, 12.4952, 19.7237],
       device='cuda:3')
R_01_next: tensor([36.3957, 34.7487, 34.7472, 34.7468, 34.7550, 36.4066, 34.7560, 34.7559,
        34.7533, 34.7563, 36.4045, 34.7535, 34.7563, 34.7592, 34.7574, 36.4113],
       device='cuda:3')
schur_next: tensor([41.7531, 25.8454, 25.8317, 25.8277, 25.8454, 41.7618, 25.8551, 25.8517,
        25.8317, 25.8551, 41.7620, 25.8408, 25.8279, 25.8519, 25.8409, 41.7725],
       device='cuda:3')
  --sphere_n_batches: 5020, n_points: 4015905088
  --sphere_n_batches: 10040, n_points: 4015905088
[Iter 2]     R01 error: 3.8854,   Schur error: 7.2215,   S error: 1.1883
S_next: tensor([20.1013, 12.7618, 12.7573, 12.7571, 12.7618, 20.1037, 12.7632, 12.7631,
        12.7573, 12.7632, 20.1043, 12.7588, 12.7572, 12.7631, 12.7588, 20.1024],
       device='cuda:3')
R_01_next: tensor([37.3995, 35.7153, 35.7137, 35.7133, 35.7173, 37.4055, 35.7177, 35.7174,
        35.7146, 35.7170, 37.4026, 35.7139, 35.7151, 35.7175, 35.7156, 37.4071],
       device='cuda:3')
schur_next: tensor([44.1270, 27.4212, 27.4068, 27.4012, 27.4211, 44.1419, 27.4235, 27.4174,
        27.4069, 27.4236, 44.1397, 27.4060, 27.4014, 27.4176, 27.4060, 44.1377],
       device='cuda:3')
  --sphere_n_batches: 5020, n_points: 4015905088
  --sphere_n_batches: 10040, n_points: 4015905088
[Iter 3]     R01 error: 3.6760,   Schur error: 7.5189,   S error: 1.4045
S_next: tensor([20.5541, 13.0730, 13.0685, 13.0683, 13.0730, 20.5548, 13.0733, 13.0731,
        13.0685, 13.0734, 20.5550, 13.0688, 13.0683, 13.0731, 13.0688, 20.5533],
       device='cuda:3')
R_01_next: tensor([38.3473, 36.6275, 36.6258, 36.6254, 36.6270, 38.3505, 36.6269, 36.6266,
        36.6240, 36.6261, 38.3474, 36.6229, 36.6245, 36.6265, 36.6246, 38.3522],
       device='cuda:3')
schur_next: tensor([46.5878, 29.0669, 29.0516, 29.0452, 29.0667, 46.6035, 29.0626, 29.0552,
        29.0515, 29.0628, 46.6004, 29.0429, 29.0453, 29.0555, 29.0430, 46.5944],
       device='cuda:3')
  --sphere_n_batches: 5020, n_points: 4015905088
  --sphere_n_batches: 10040, n_points: 4015905088
[Iter 4]     R01 error: 3.5480,   Schur error: 7.5846,   S error: 1.5154
S_next: tensor([21.0439, 13.4076, 13.4031, 13.4029, 13.4076, 21.0435, 13.4072, 13.4069,
        13.4030, 13.4072, 21.0434, 13.4026, 13.4029, 13.4070, 13.4027, 21.0419],
       device='cuda:3')
R_01_next: tensor([39.2617, 37.5070, 37.5053, 37.5049, 37.5048, 39.2630, 37.5044, 37.5042,
        37.5017, 37.5036, 39.2597, 37.5003, 37.5025, 37.5042, 37.5023, 39.2653],
       device='cuda:3')
schur_next: tensor([49.0695, 30.7257, 30.7096, 30.7029, 30.7255, 49.0853, 30.7168, 30.7087,
        30.7093, 30.7168, 49.0818, 30.6956, 30.7029, 30.7090, 30.6958, 49.0745],
       device='cuda:3')
  --sphere_n_batches: 5020, n_points: 4015905088
  --sphere_n_batches: 10040, n_points: 4015905088
[Iter 5]     R01 error: 3.4484,   Schur error: 7.5981,   S error: 1.5782
S_next: tensor([21.5545, 13.7555, 13.7509, 13.7507, 13.7555, 21.5536, 13.7546, 13.7544,
        13.7509, 13.7547, 21.5533, 13.7500, 13.7507, 13.7544, 13.7500, 21.5515],
       device='cuda:3')
R_01_next: tensor([40.1502, 38.3613, 38.3595, 38.3593, 38.3580, 40.1501, 38.3572, 38.3572,
        38.3548, 38.3565, 40.1468, 38.3531, 38.3559, 38.3576, 38.3556, 40.1532],
       device='cuda:3')
schur_next: tensor([51.5571, 32.3857, 32.3686, 32.3617, 32.3856, 51.5735, 32.3736, 32.3649,
        32.3687, 32.3737, 51.5701, 32.3513, 32.3615, 32.3648, 32.3511, 51.5610],
       device='cuda:3')

Refining alpha =  4.90, lambda = 0.0
******************** State evolution (α= 4.90, λ=0.0, R_00 = [14.24  13.58  13.58  14.24]) ********************
  --sphere_n_batches: 5020, n_points: 4015905088
  --sphere_n_batches: 10040, n_points: 4015905088
[Iter 1]     R01 error: 3.3899,   Schur error: 4.4449,   S error: 0.4098
S_next: tensor([20.5818, 13.1250, 13.1203, 13.1190, 13.1249, 20.5865, 13.1282, 13.1271,
        13.1202, 13.1282, 20.5874, 13.1232, 13.1190, 13.1271, 13.1232, 20.5856],
       device='cuda:3')
R_01_next: tensor([39.4837, 37.7246, 37.7231, 37.7228, 37.7331, 39.4960, 37.7339, 37.7339,
        37.7327, 37.7356, 39.4953, 37.7328, 37.7333, 37.7362, 37.7346, 39.5010],
       device='cuda:3')
schur_next: tensor([48.6315, 30.5636, 30.5500, 30.5394, 30.5634, 48.6373, 30.5802, 30.5702,
        30.5498, 30.5801, 48.6387, 30.5628, 30.5394, 30.5703, 30.5630, 48.6517],
       device='cuda:3')
  --sphere_n_batches: 5020, n_points: 4015905088
  --sphere_n_batches: 10040, n_points: 4015905088
[Iter 2]     R01 error: 2.9140,   Schur error: 5.6746,   S error: 0.8321
S_next: tensor([20.8414, 13.3139, 13.3095, 13.3087, 13.3138, 20.8437, 13.3161, 13.3153,
        13.3095, 13.3161, 20.8441, 13.3115, 13.3087, 13.3154, 13.3115, 20.8417],
       device='cuda:3')
R_01_next: tensor([40.2369, 38.4523, 38.4506, 38.4503, 38.4555, 40.2433, 38.4554, 38.4554,
        38.4535, 38.4557, 40.2412, 38.4526, 38.4523, 38.4544, 38.4527, 40.2449],
       device='cuda:3')
schur_next: tensor([50.4485, 31.8275, 31.8127, 31.8030, 31.8273, 50.4628, 31.8338, 31.8235,
        31.8128, 31.8341, 50.4601, 31.8141, 31.8032, 31.8239, 31.8142, 50.4556],
       device='cuda:3')
  --sphere_n_batches: 5020, n_points: 4015905088
  --sphere_n_batches: 10040, n_points: 4015905088
[Iter 3]     R01 error: 2.7083,   Schur error: 5.8528,   S error: 0.9773
S_next: tensor([21.1508, 13.5335, 13.5292, 13.5286, 13.5335, 21.1513, 13.5344, 13.5339,
        13.5291, 13.5344, 21.1512, 13.5299, 13.5286, 13.5339, 13.5299, 21.1490],
       device='cuda:3')
R_01_next: tensor([40.9348, 39.1258, 39.1240, 39.1239, 39.1259, 40.9378, 39.1253, 39.1254,
        39.1235, 39.1252, 40.9353, 39.1221, 39.1229, 39.1245, 39.1227, 40.9398],
       device='cuda:3')
schur_next: tensor([52.3246, 33.1294, 33.1134, 33.1052, 33.1292, 52.3398, 33.1273, 33.1178,
        33.1134, 33.1274, 52.3351, 33.1065, 33.1051, 33.1179, 33.1065, 52.3257],
       device='cuda:3')
  --sphere_n_batches: 5020, n_points: 4015905088
  --sphere_n_batches: 10040, n_points: 4015905088
[Iter 4]     R01 error: 2.5843,   Schur error: 5.8076,   S error: 1.0418
S_next: tensor([21.4835, 13.7658, 13.7613, 13.7611, 13.7658, 21.4828, 13.7657, 13.7654,
        13.7613, 13.7658, 21.4825, 13.7614, 13.7611, 13.7654, 13.7614, 21.4805],
       device='cuda:3')
R_01_next: tensor([41.6004, 39.7673, 39.7654, 39.7654, 39.7655, 41.6013, 39.7645, 39.7647,
        39.7628, 39.7643, 41.5984, 39.7612, 39.7629, 39.7643, 39.7624, 41.6039],
       device='cuda:3')
schur_next: tensor([54.1934, 34.4160, 34.3991, 34.3920, 34.4158, 54.2082, 34.4080, 34.3993,
        34.3991, 34.4082, 54.2028, 34.3871, 34.3920, 34.3995, 34.3871, 54.1920],
       device='cuda:3')
  --sphere_n_batches: 5020, n_points: 4015905088
  --sphere_n_batches: 10040, n_points: 4015905088
[Iter 5]     R01 error: 2.4905,   Schur error: 5.7234,   S error: 1.0736
S_next: tensor([21.8279, 14.0040, 13.9994, 13.9994, 14.0040, 21.8267, 14.0033, 14.0032,
        13.9995, 14.0033, 21.8261, 13.9990, 13.9994, 14.0032, 13.9990, 21.8243],
       device='cuda:3')
R_01_next: tensor([42.2418, 40.3848, 40.3829, 40.3830, 40.3818, 42.2411, 40.3805, 40.3809,
        40.3790, 40.3803, 42.2381, 40.3771, 40.3797, 40.3808, 40.3789, 42.2445],
       device='cuda:3')
schur_next: tensor([56.0418, 35.6793, 35.6618, 35.6554, 35.6794, 56.0567, 35.6677, 35.6595,
        35.6618, 35.6677, 56.0509, 35.6465, 35.6555, 35.6596, 35.6465, 56.0392],
       device='cuda:3')

Refining alpha =  5.00, lambda = 0.0
******************** State evolution (α= 5.00, λ=0.0, R_00 = [14.24  13.58  13.58  14.24]) ********************
  --sphere_n_batches: 5020, n_points: 4015905088
  --sphere_n_batches: 10040, n_points: 4015905088
[Iter 1]     R01 error: 1.7893,   Schur error: 1.9917,   S error: 0.4410
S_next: tensor([22.6412, 14.5754, 14.5701, 14.5661, 14.5754, 22.6461, 14.5798, 14.5758,
        14.5702, 14.5798, 22.6462, 14.5729, 14.5662, 14.5758, 14.5730, 22.6437],
       device='cuda:3')
R_01_next: tensor([45.3475, 43.3791, 43.3770, 43.3765, 43.3914, 45.3619, 43.3910, 43.3910,
        43.3918, 43.3943, 45.3618, 43.3908, 43.3861, 43.3884, 43.3869, 45.3637],
       device='cuda:3')
schur_next: tensor([64.0395, 41.2981, 41.2793, 41.2497, 41.2984, 64.0377, 41.3236, 41.2938,
        41.2794, 41.3235, 64.0380, 41.2921, 41.2499, 41.2938, 41.2922, 64.0583],
       device='cuda:3')
  --sphere_n_batches: 5020, n_points: 4015905088
  --sphere_n_batches: 10040, n_points: 4015905088
[Iter 2]     R01 error: 1.4672,   Schur error: 3.0938,   S error: 0.6042
S_next: tensor([22.8228, 14.7156, 14.7109, 14.7085, 14.7156, 22.8251, 14.7187, 14.7163,
        14.7110, 14.7187, 22.8244, 14.7131, 14.7085, 14.7163, 14.7131, 22.8207],
       device='cuda:3')
R_01_next: tensor([45.7300, 43.7496, 43.7473, 43.7471, 43.7547, 45.7366, 43.7532, 43.7534,
        43.7531, 43.7547, 45.7346, 43.7511, 43.7481, 43.7495, 43.7477, 45.7365],
       device='cuda:3')
schur_next: tensor([65.0069, 41.9988, 41.9797, 41.9583, 41.9988, 65.0208, 42.0102, 41.9877,
        41.9798, 42.0102, 65.0137, 41.9805, 41.9585, 41.9878, 41.9806, 65.0051],
       device='cuda:3')
  --sphere_n_batches: 5020, n_points: 4015905088
  --sphere_n_batches: 10040, n_points: 4015905088
[Iter 3]     R01 error: 1.3361,   Schur error: 3.2198,   S error: 0.6065
S_next: tensor([23.0089, 14.8549, 14.8503, 14.8491, 14.8550, 23.0090, 14.8564, 14.8551,
        14.8503, 14.8563, 23.0078, 14.8515, 14.8491, 14.8551, 14.8515, 23.0046],
       device='cuda:3')
R_01_next: tensor([46.0754, 44.0838, 44.0814, 44.0815, 44.0848, 46.0775, 44.0826, 44.0831,
        44.0826, 44.0836, 46.0748, 44.0800, 44.0802, 44.0810, 44.0791, 46.0794],
       device='cuda:3')
schur_next: tensor([66.0184, 42.7262, 42.7065, 42.6922, 42.7262, 66.0341, 42.7255, 42.7097,
        42.7063, 42.7253, 66.0238, 42.6987, 42.6922, 42.7096, 42.6990, 66.0093],
       device='cuda:3')
  --sphere_n_batches: 5020, n_points: 4015905088
  --sphere_n_batches: 10040, n_points: 4015905088
[Iter 4]     R01 error: 1.2608,   Schur error: 3.1566,   S error: 0.5843
S_next: tensor([23.1908, 14.9876, 14.9830, 14.9826, 14.9876, 23.1895, 14.9879, 14.9874,
        14.9830, 14.9878, 23.1882, 14.9835, 14.9826, 14.9874, 14.9835, 23.1855],
       device='cuda:3')
R_01_next: tensor([46.4006, 44.3979, 44.3955, 44.3957, 44.3964, 46.3999, 44.3938, 44.3945,
        44.3939, 44.3946, 46.3969, 44.3910, 44.3934, 44.3939, 44.3918, 46.4034],
       device='cuda:3')
schur_next: tensor([67.0163, 43.4347, 43.4145, 43.4052, 43.4348, 67.0314, 43.4259, 43.4149,
        43.4144, 43.4258, 67.0203, 43.4022, 43.4053, 43.4149, 43.4024, 67.0048],
       device='cuda:3')
  --sphere_n_batches: 5020, n_points: 4015905088
  --sphere_n_batches: 10040, n_points: 4015905088
[Iter 5]     R01 error: 1.2058,   Schur error: 3.0639,   S error: 0.5617
S_next: tensor([23.3676, 15.1140, 15.1094, 15.1095, 15.1141, 23.3657, 15.1136, 15.1137,
        15.1094, 15.1135, 23.3641, 15.1095, 15.1095, 15.1136, 15.1095, 23.3616],
       device='cuda:3')
R_01_next: tensor([46.7114, 44.6976, 44.6952, 44.6955, 44.6945, 46.7089, 44.6916, 44.6924,
        44.6918, 44.6923, 46.7057, 44.6888, 44.6927, 44.6929, 44.6908, 46.7135],
       device='cuda:3')
schur_next: tensor([67.9911, 44.1188, 44.0980, 44.0920, 44.1191, 68.0060, 44.1049, 44.0971,
        44.0981, 44.1046, 67.9939, 44.0831, 44.0919, 44.0966, 44.0829, 67.9780],
       device='cuda:3')

Refining alpha =  5.20, lambda = 0.0
******************** State evolution (α= 5.20, λ=0.0, R_00 = [14.24  13.58  13.58  14.24]) ********************
  --sphere_n_batches: 5020, n_points: 4015905088
  --sphere_n_batches: 10040, n_points: 4015905088
[Iter 1]     R01 error: 1.8206,   Schur error: 1.1729,   S error: 0.1508
S_next: tensor([16.3935, 10.4162, 10.4120, 10.4111, 10.4162, 16.3955, 10.4176, 10.4168,
        10.4121, 10.4177, 16.3958, 10.4135, 10.4112, 10.4168, 10.4135, 16.3950],
       device='cuda:3')
R_01_next: tensor([36.6776, 35.0604, 35.0593, 35.0591, 35.0669, 36.6866, 35.0673, 35.0671,
        35.0650, 35.0667, 36.6848, 35.0651, 35.0623, 35.0640, 35.0629, 36.6840],
       device='cuda:3')
schur_next: tensor([37.9759, 24.1257, 24.1129, 24.1072, 24.1258, 37.9791, 24.1324, 24.1268,
        24.1131, 24.1325, 37.9762, 24.1200, 24.1073, 24.1269, 24.1200, 37.9823],
       device='cuda:3')
  --sphere_n_batches: 5020, n_points: 4015905088
  --sphere_n_batches: 10040, n_points: 4015905088
[Iter 2]     R01 error: 1.4007,   Schur error: 2.0740,   S error: 0.1910
S_next: tensor([16.4461, 10.4625, 10.4588, 10.4581, 10.4625, 16.4471, 10.4635, 10.4628,
        10.4588, 10.4635, 16.4476, 10.4596, 10.4581, 10.4628, 10.4596, 16.4465],
       device='cuda:3')
R_01_next: tensor([37.0375, 35.4111, 35.4102, 35.4100, 35.4143, 37.0427, 35.4144, 35.4142,
        35.4121, 35.4133, 37.0406, 35.4118, 35.4094, 35.4106, 35.4095, 37.0396],
       device='cuda:3')
schur_next: tensor([38.6005, 24.6055, 24.5940, 24.5897, 24.6054, 38.6063, 24.6081, 24.6034,
        24.5940, 24.6083, 38.6009, 24.5962, 24.5896, 24.6035, 24.5961, 38.5978],
       device='cuda:3')
  --sphere_n_batches: 5020, n_points: 4015905088
  --sphere_n_batches: 10040, n_points: 4015905088
[Iter 3]     R01 error: 1.2165,   Schur error: 2.1511,   S error: 0.2977
S_next: tensor([16.5352, 10.5316, 10.5281, 10.5276, 10.5316, 16.5356, 10.5320, 10.5316,
        10.5281, 10.5321, 16.5361, 10.5284, 10.5276, 10.5316, 10.5284, 16.5354],
       device='cuda:3')
R_01_next: tensor([37.3492, 35.7143, 35.7134, 35.7133, 35.7157, 37.3524, 35.7156, 35.7154,
        35.7136, 35.7145, 37.3505, 35.7131, 35.7117, 35.7125, 35.7115, 37.3502],
       device='cuda:3')
schur_next: tensor([39.2550, 25.0995, 25.0885, 25.0857, 25.0994, 39.2607, 25.0989, 25.0955,
        25.0885, 25.0991, 39.2545, 25.0879, 25.0856, 25.0955, 25.0879, 39.2496],
       device='cuda:3')
  --sphere_n_batches: 5020, n_points: 4015905088
  --sphere_n_batches: 10040, n_points: 4015905088
[Iter 4]     R01 error: 1.1085,   Schur error: 2.0603,   S error: 0.3374
S_next: tensor([16.6393, 10.6084, 10.6050, 10.6047, 10.6084, 16.6394, 10.6085, 10.6082,
        10.6049, 10.6085, 16.6399, 10.6050, 10.6047, 10.6082, 10.6050, 16.6393],
       device='cuda:3')
R_01_next: tensor([37.6335, 35.9899, 35.9891, 35.9890, 35.9903, 37.6355, 35.9900, 35.9899,
        35.9883, 35.9891, 37.6337, 35.9877, 35.9869, 35.9876, 35.9866, 37.6339],
       device='cuda:3')
schur_next: tensor([39.8901, 25.5684, 25.5576, 25.5559, 25.5684, 39.8956, 25.5659, 25.5635,
        25.5576, 25.5659, 39.8890, 25.5557, 25.5557, 25.5633, 25.5555, 39.8836],
       device='cuda:3')
  --sphere_n_batches: 5020, n_points: 4015905088
  --sphere_n_batches: 10040, n_points: 4015905088
[Iter 5]     R01 error: 1.0301,   Schur error: 1.9468,   S error: 0.3512
S_next: tensor([16.7493, 10.6875, 10.6840, 10.6839, 10.6875, 16.7492, 10.6873, 10.6872,
        10.6841, 10.6874, 16.7498, 10.6840, 10.6840, 10.6872, 10.6840, 16.7494],
       device='cuda:3')
R_01_next: tensor([37.8978, 36.2456, 36.2448, 36.2448, 36.2454, 37.8990, 36.2450, 36.2450,
        36.2435, 36.2442, 37.8973, 36.2428, 36.2424, 36.2430, 36.2420, 37.8978],
       device='cuda:3')
schur_next: tensor([40.4970, 26.0080, 25.9973, 25.9964, 26.0080, 40.5021, 26.0043, 26.0025,
        25.9975, 26.0044, 40.4956, 25.9948, 25.9965, 26.0026, 25.9948, 40.4904],
       device='cuda:3')

Refining alpha =  5.40, lambda = 0.0
******************** State evolution (α= 5.40, λ=0.0, R_00 = [14.24  13.58  13.58  14.24]) ********************
  --sphere_n_batches: 5020, n_points: 4015905088
  --sphere_n_batches: 10040, n_points: 4015905088
[Iter 1]     R01 error: 0.2806,   Schur error: 1.5525,   S error: 0.2794
S_next: tensor([15.7498, 10.0510, 10.0468, 10.0453, 10.0510, 15.7512, 10.0523, 10.0508,
        10.0468, 10.0524, 15.7513, 10.0480, 10.0453, 10.0509, 10.0480, 15.7505],
       device='cuda:3')
R_01_next: tensor([38.4112, 36.7530, 36.7523, 36.7518, 36.7602, 38.4198, 36.7605, 36.7600,
        36.7581, 36.7592, 38.4181, 36.7580, 36.7530, 36.7541, 36.7536, 38.4143],
       device='cuda:3')
schur_next: tensor([39.8400, 25.8311, 25.8171, 25.8083, 25.8309, 39.8413, 25.8379, 25.8290,
        25.8171, 25.8381, 39.8375, 25.8236, 25.8082, 25.8291, 25.8235, 39.8422],
       device='cuda:3')
  --sphere_n_batches: 5020, n_points: 4015905088
  --sphere_n_batches: 10040, n_points: 4015905088
[Iter 2]     R01 error: 0.0573,   Schur error: 0.5902,   S error: 0.1063
S_next: tensor([15.7046, 10.0349, 10.0313, 10.0302, 10.0349, 15.7054, 10.0359, 10.0348,
        10.0313, 10.0359, 15.7058, 10.0320, 10.0303, 10.0349, 10.0320, 15.7050],
       device='cuda:3')
R_01_next: tensor([38.3955, 36.7427, 36.7422, 36.7418, 36.7465, 38.4001, 36.7465, 36.7462,
        36.7444, 36.7451, 38.3986, 36.7440, 36.7408, 36.7415, 36.7410, 38.3960],
       device='cuda:3')
schur_next: tensor([39.6018, 25.7308, 25.7191, 25.7133, 25.7308, 39.6059, 25.7344, 25.7283,
        25.7192, 25.7345, 39.6000, 25.7220, 25.7135, 25.7284, 25.7220, 39.5969],
       device='cuda:3')
  --sphere_n_batches: 5020, n_points: 4015905088
  --sphere_n_batches: 10040, n_points: 4015905088
[Iter 3]     R01 error: 0.1755,   Schur error: 0.4284,   S error: 0.0834
S_next: tensor([15.6692, 10.0224, 10.0190, 10.0184, 10.0224, 15.6694, 10.0229, 10.0222,
        10.0191, 10.0229, 15.6701, 10.0194, 10.0184, 10.0223, 10.0194, 15.6695],
       device='cuda:3')
R_01_next: tensor([38.3488, 36.7012, 36.7008, 36.7005, 36.7032, 38.3515, 36.7031, 36.7028,
        36.7014, 36.7018, 38.3501, 36.7009, 36.6990, 36.6995, 36.6990, 38.3488],
       device='cuda:3')
schur_next: tensor([39.4242, 25.6620, 25.6515, 25.6482, 25.6620, 39.4281, 25.6628, 25.6590,
        25.6517, 25.6630, 39.4220, 25.6526, 25.6484, 25.6592, 25.6526, 39.4176],
       device='cuda:3')
  --sphere_n_batches: 5020, n_points: 4015905088
  --sphere_n_batches: 10040, n_points: 4015905088
[Iter 4]     R01 error: 0.2233,   Schur error: 0.4233,   S error: 0.0864
S_next: tensor([15.6350, 10.0072, 10.0040, 10.0036, 10.0072, 15.6350, 10.0074, 10.0070,
        10.0040, 10.0074, 15.6357, 10.0041, 10.0036, 10.0070, 10.0041, 15.6354],
       device='cuda:3')
R_01_next: tensor([38.2902, 36.6470, 36.6467, 36.6465, 36.6481, 38.2918, 36.6478, 36.6476,
        36.6464, 36.6467, 38.2906, 36.6458, 36.6448, 36.6451, 36.6447, 38.2900],
       device='cuda:3')
schur_next: tensor([39.2584, 25.5863, 25.5765, 25.5749, 25.5863, 39.2617, 25.5853, 25.5831,
        25.5766, 25.5854, 39.2555, 25.5766, 25.5749, 25.5832, 25.5765, 39.2512],
       device='cuda:3')
  --sphere_n_batches: 5020, n_points: 4015905088
  --sphere_n_batches: 10040, n_points: 4015905088
[Iter 5]     R01 error: 0.2439,   Schur error: 0.4402,   S error: 0.0916
S_next: tensor([15.6010,  9.9895,  9.9864,  9.9862,  9.9894, 15.6008,  9.9894,  9.9892,
         9.9864,  9.9895, 15.6016,  9.9864,  9.9862,  9.9893,  9.9864, 15.6014],
       device='cuda:3')
R_01_next: tensor([38.2267, 36.5874, 36.5870, 36.5869, 36.5878, 38.2276, 36.5875, 36.5873,
        36.5862, 36.5864, 38.2265, 36.5856, 36.5852, 36.5853, 36.5849, 38.2264],
       device='cuda:3')
schur_next: tensor([39.0958, 25.5006, 25.4912, 25.4906, 25.5006, 39.0987, 25.4986, 25.4974,
        25.4914, 25.4988, 39.0927, 25.4909, 25.4907, 25.4975, 25.4909, 39.0886],
       device='cuda:3')

Refining alpha =  5.50, lambda = 0.0
******************** State evolution (α= 5.50, λ=0.0, R_00 = [14.24  13.58  13.58  14.24]) ********************
  --sphere_n_batches: 5020, n_points: 4015905088
  --sphere_n_batches: 10040, n_points: 4015905088
[Iter 1]     R01 error: 0.2521,   Schur error: 1.5709,   S error: 0.2924
S_next: tensor([14.1966,  9.0225,  9.0187,  9.0177,  9.0224, 14.1977,  9.0233,  9.0223,
         9.0187,  9.0234, 14.1979,  9.0196,  9.0176,  9.0223,  9.0195, 14.1974],
       device='cuda:3')
R_01_next: tensor([36.2338, 34.6645, 34.6640, 34.6636, 34.6703, 36.2409, 34.6706, 34.6702,
        34.6679, 34.6689, 36.2388, 34.6680, 34.6642, 34.6652, 34.6648, 36.2359],
       device='cuda:3')
schur_next: tensor([34.1318, 22.0595, 22.0477, 22.0420, 22.0593, 34.1340, 22.0640, 22.0582,
        22.0477, 22.0641, 34.1308, 22.0525, 22.0418, 22.0582, 22.0524, 34.1334],
       device='cuda:3')
  --sphere_n_batches: 5020, n_points: 4015905088
  --sphere_n_batches: 10040, n_points: 4015905088
[Iter 2]     R01 error: 0.0969,   Schur error: 0.6254,   S error: 0.1151
S_next: tensor([14.1488,  9.0039,  9.0007,  8.9999,  9.0039, 14.1494,  9.0045,  9.0038,
         9.0006,  9.0045, 14.1500,  9.0011,  8.9999,  9.0038,  9.0011, 14.1494],
       device='cuda:3')
R_01_next: tensor([36.2070, 34.6437, 34.6434, 34.6431, 34.6469, 36.2108, 34.6469, 34.6467,
        34.6447, 34.6453, 36.2092, 34.6445, 34.6422, 34.6428, 34.6424, 36.2073],
       device='cuda:3')
schur_next: tensor([33.8848, 21.9490, 21.9393, 21.9356, 21.9490, 33.8881, 21.9513, 21.9474,
        21.9392, 21.9513, 33.8835, 21.9414, 21.9358, 21.9476, 21.9417, 33.8817],
       device='cuda:3')
  --sphere_n_batches: 5020, n_points: 4015905088
  --sphere_n_batches: 10040, n_points: 4015905088
[Iter 3]     R01 error: 0.2159,   Schur error: 0.4608,   S error: 0.0915
S_next: tensor([14.1109,  8.9892,  8.9862,  8.9857,  8.9892, 14.1112,  8.9895,  8.9890,
         8.9862,  8.9895, 14.1119,  8.9863,  8.9857,  8.9890,  8.9863, 14.1115],
       device='cuda:3')
R_01_next: tensor([36.1495, 34.5919, 34.5917, 34.5915, 34.5937, 36.1519, 34.5937, 34.5935,
        34.5918, 34.5922, 36.1505, 34.5916, 34.5903, 34.5906, 34.5903, 36.1495],
       device='cuda:3')
schur_next: tensor([33.6991, 21.8706, 21.8619, 21.8599, 21.8705, 33.7021, 21.8711, 21.8687,
        21.8618, 21.8710, 33.6972, 21.8626, 21.8598, 21.8687, 21.8627, 33.6944],
       device='cuda:3')
  --sphere_n_batches: 5020, n_points: 4015905088
  --sphere_n_batches: 10040, n_points: 4015905088
[Iter 4]     R01 error: 0.2611,   Schur error: 0.4477,   S error: 0.0940
S_next: tensor([14.0744,  8.9721,  8.9692,  8.9689,  8.9721, 14.0746,  8.9722,  8.9719,
         8.9692,  8.9722, 14.0753,  8.9692,  8.9689,  8.9719,  8.9692, 14.0751],
       device='cuda:3')
R_01_next: tensor([36.0811, 34.5283, 34.5281, 34.5279, 34.5292, 36.0826, 34.5291, 34.5290,
        34.5276, 34.5278, 36.0814, 34.5273, 34.5266, 34.5268, 34.5266, 36.0809],
       device='cuda:3')
schur_next: tensor([33.5275, 21.7874, 21.7794, 21.7784, 21.7874, 33.5303, 21.7869, 21.7855,
        21.7793, 21.7868, 33.5255, 21.7796, 21.7784, 21.7855, 21.7797, 33.5227],
       device='cuda:3')
  --sphere_n_batches: 5020, n_points: 4015905088
  --sphere_n_batches: 10040, n_points: 4015905088
[Iter 5]     R01 error: 0.2779,   Schur error: 0.4556,   S error: 0.0982
S_next: tensor([14.0386,  8.9528,  8.9500,  8.9498,  8.9527, 14.0386,  8.9526,  8.9525,
         8.9499,  8.9527, 14.0395,  8.9499,  8.9498,  8.9525,  8.9499, 14.0393],
       device='cuda:3')
R_01_next: tensor([36.0088, 34.4601, 34.4599, 34.4598, 34.4606, 36.0098, 34.4605, 34.4604,
        34.4590, 34.4592, 36.0087, 34.4587, 34.4584, 34.4585, 34.4583, 36.0085],
       device='cuda:3')
schur_next: tensor([33.3623, 21.6970, 21.6893, 21.6889, 21.6966, 33.3643, 21.6954, 21.6947,
        21.6892, 21.6957, 33.3602, 21.6892, 21.6889, 21.6950, 21.6892, 33.3575],
       device='cuda:3')

Refining alpha =  5.60, lambda = 0.0
******************** State evolution (α= 5.60, λ=0.0, R_00 = [14.24  13.58  13.58  14.24]) ********************
  --sphere_n_batches: 5020, n_points: 4015905088
  --sphere_n_batches: 10040, n_points: 4015905088
[Iter 1]     R01 error: 0.1461,   Schur error: 1.5753,   S error: 0.3362
S_next: tensor([13.0168,  8.2501,  8.2467,  8.2461,  8.2500, 13.0175,  8.2505,  8.2499,
         8.2467,  8.2505, 13.0179,  8.2473,  8.2461,  8.2499,  8.2473, 13.0177],
       device='cuda:3')
R_01_next: tensor([34.6092, 33.1080, 33.1077, 33.1074, 33.1123, 34.6145, 33.1125, 33.1123,
        33.1101, 33.1108, 34.6126, 33.1101, 33.1077, 33.1084, 33.1081, 34.6107],
       device='cuda:3')
schur_next: tensor([30.0523, 19.3899, 19.3804, 19.3771, 19.3898, 30.0544, 19.3925, 19.3891,
        19.3802, 19.3924, 30.0518, 19.3836, 19.3770, 19.3892, 19.3838, 30.0539],
       device='cuda:3')
  --sphere_n_batches: 5020, n_points: 4015905088
  --sphere_n_batches: 10040, n_points: 4015905088
[Iter 2]     R01 error: 0.1838,   Schur error: 0.6964,   S error: 0.1523
S_next: tensor([12.9577,  8.2221,  8.2192,  8.2187,  8.2221, 12.9583,  8.2225,  8.2220,
         8.2192,  8.2225, 12.9589,  8.2194,  8.2187,  8.2220,  8.2195, 12.9585],
       device='cuda:3')
R_01_next: tensor([34.5596, 33.0651, 33.0649, 33.0647, 33.0674, 34.5625, 33.0675, 33.0674,
        33.0655, 33.0659, 34.5609, 33.0654, 33.0639, 33.0643, 33.0641, 34.5597],
       device='cuda:3')
schur_next: tensor([29.7862, 19.2603, 19.2522, 19.2501, 19.2603, 29.7891, 19.2615, 19.2592,
        19.2522, 19.2615, 29.7855, 19.2538, 19.2502, 19.2594, 19.2539, 29.7843],
       device='cuda:3')
  --sphere_n_batches: 5020, n_points: 4015905088
  --sphere_n_batches: 10040, n_points: 4015905088
[Iter 3]     R01 error: 0.2911,   Schur error: 0.5332,   S error: 0.1207
S_next: tensor([12.9110,  8.2001,  8.1974,  8.1970,  8.2001, 12.9115,  8.2003,  8.1999,
         8.1974,  8.2002, 12.9122,  8.1974,  8.1970,  8.1999,  8.1974, 12.9118],
       device='cuda:3')
R_01_next: tensor([34.4827, 32.9944, 32.9943, 32.9942, 32.9958, 34.4846, 32.9958, 32.9957,
        32.9941, 32.9943, 34.4832, 32.9939, 32.9931, 32.9934, 32.9932, 34.4826],
       device='cuda:3')
schur_next: tensor([29.5808, 19.1622, 19.1550, 19.1538, 19.1624, 29.5835, 19.1624, 19.1611,
        19.1550, 19.1624, 29.5798, 19.1557, 19.1539, 19.1611, 19.1557, 29.5779],
       device='cuda:3')
  --sphere_n_batches: 5020, n_points: 4015905088
  --sphere_n_batches: 10040, n_points: 4015905088
[Iter 4]     R01 error: 0.3267,   Schur error: 0.5114,   S error: 0.1172
S_next: tensor([12.8677,  8.1773,  8.1746,  8.1744,  8.1773, 12.8681,  8.1773,  8.1771,
         8.1747,  8.1773, 12.8689,  8.1746,  8.1745,  8.1771,  8.1746, 12.8687],
       device='cuda:3')
R_01_next: tensor([34.3975, 32.9143, 32.9142, 32.9142, 32.9151, 34.3987, 32.9151, 32.9151,
        32.9136, 32.9138, 34.3975, 32.9134, 32.9130, 32.9132, 32.9131, 34.3973],
       device='cuda:3')
schur_next: tensor([29.3923, 19.0623, 19.0555, 19.0550, 19.0624, 29.3947, 19.0618, 19.0611,
        19.0557, 19.0619, 29.3913, 19.0559, 19.0552, 19.0612, 19.0560, 29.3895],
       device='cuda:3')
  --sphere_n_batches: 5020, n_points: 4015905088
  --sphere_n_batches: 10040, n_points: 4015905088
[Iter 5]     R01 error: 0.3353,   Schur error: 0.5072,   S error: 0.1166
S_next: tensor([12.8266,  8.1535,  8.1509,  8.1508,  8.1535, 12.8268,  8.1534,  8.1532,
         8.1509,  8.1534, 12.8276,  8.1508,  8.1508,  8.1532,  8.1508, 12.8274],
       device='cuda:3')
R_01_next: tensor([34.3105, 32.8318, 32.8317, 32.8317, 32.8323, 34.3114, 32.8323, 32.8322,
        32.8308, 32.8310, 34.3102, 32.8306, 32.8305, 32.8306, 32.8305, 34.3102],
       device='cuda:3')
schur_next: tensor([29.2137, 18.9585, 18.9520, 18.9519, 18.9585, 29.2157, 18.9575, 18.9571,
        18.9521, 18.9576, 29.2124, 18.9520, 18.9519, 18.9572, 18.9520, 29.2106],
       device='cuda:3')

Refining alpha =  5.80, lambda = 0.0
******************** State evolution (α= 5.80, λ=0.0, R_00 = [14.24  13.58  13.58  14.24]) ********************
  --sphere_n_batches: 5020, n_points: 4015905088
  --sphere_n_batches: 10040, n_points: 4015905088
[Iter 1]     R01 error: 0.2210,   Schur error: 1.3005,   S error: 0.3198
S_next: tensor([10.9357,  6.8782,  6.8754,  6.8750,  6.8782, 10.9364,  6.8784,  6.8781,
         6.8754,  6.8784, 10.9369,  6.8757,  6.8750,  6.8781,  6.8757, 10.9367],
       device='cuda:3')
R_01_next: tensor([31.4311, 30.0574, 30.0572, 30.0570, 30.0607, 31.4353, 30.0609, 30.0608,
        30.0584, 30.0590, 31.4330, 30.0585, 30.0572, 30.0577, 30.0575, 31.4320],
       device='cuda:3')
schur_next: tensor([23.1207, 14.8001, 14.7930, 14.7915, 14.8001, 23.1235, 14.8017, 14.8002,
        14.7929, 14.8016, 23.1217, 14.7951, 14.7915, 14.8002, 14.7952, 23.1225],
       device='cuda:3')
  --sphere_n_batches: 5020, n_points: 4015905088
  --sphere_n_batches: 10040, n_points: 4015905088
[Iter 2]     R01 error: 0.1124,   Schur error: 0.5096,   S error: 0.1299
S_next: tensor([10.8852,  6.8545,  6.8521,  6.8518,  6.8545, 10.8859,  6.8547,  6.8544,
         6.8520,  6.8546, 10.8864,  6.8521,  6.8517,  6.8544,  6.8521, 10.8860],
       device='cuda:3')
R_01_next: tensor([31.3995, 30.0318, 30.0317, 30.0316, 30.0336, 31.4019, 30.0338, 30.0337,
        30.0317, 30.0321, 31.4001, 30.0318, 30.0311, 30.0314, 30.0312, 31.3996],
       device='cuda:3')
schur_next: tensor([22.9225, 14.7082, 14.7022, 14.7012, 14.7082, 22.9251, 14.7089, 14.7078,
        14.7020, 14.7087, 22.9226, 14.7029, 14.7011, 14.7077, 14.7029, 22.9218],
       device='cuda:3')
  --sphere_n_batches: 5020, n_points: 4015905088
  --sphere_n_batches: 10040, n_points: 4015905088
[Iter 3]     R01 error: 0.2187,   Schur error: 0.3628,   S error: 0.0939
S_next: tensor([10.8482,  6.8378,  6.8355,  6.8352,  6.8378, 10.8488,  6.8378,  6.8376,
         6.8355,  6.8378, 10.8494,  6.8353,  6.8352,  6.8376,  6.8353, 10.8491],
       device='cuda:3')
R_01_next: tensor([31.3413, 29.9788, 29.9788, 29.9787, 29.9800, 31.3428, 29.9800, 29.9800,
        29.9783, 29.9785, 31.3414, 29.9783, 29.9780, 29.9782, 29.9781, 31.3412],
       device='cuda:3')
schur_next: tensor([22.7785, 14.6443, 14.6389, 14.6383, 14.6444, 22.7810, 14.6445, 14.6438,
        14.6389, 14.6444, 22.7787, 14.6392, 14.6383, 14.6437, 14.6392, 22.7776],
       device='cuda:3')
  --sphere_n_batches: 5020, n_points: 4015905088
  --sphere_n_batches: 10040, n_points: 4015905088
[Iter 4]     R01 error: 0.2529,   Schur error: 0.3404,   S error: 0.0874
S_next: tensor([10.8155,  6.8210,  6.8188,  6.8187,  6.8211, 10.8160,  6.8210,  6.8208,
         6.8188,  6.8210, 10.8166,  6.8186,  6.8187,  6.8208,  6.8186, 10.8164],
       device='cuda:3')
R_01_next: tensor([31.2750, 29.9169, 29.9168, 29.9168, 29.9176, 31.2762, 29.9177, 29.9177,
        29.9162, 29.9163, 31.2749, 29.9161, 29.9160, 29.9162, 29.9161, 31.2748],
       device='cuda:3')
schur_next: tensor([22.6504, 14.5796, 14.5744, 14.5742, 14.5797, 22.6527, 14.5793, 14.5790,
        14.5745, 14.5793, 22.6504, 14.5745, 14.5743, 14.5790, 14.5746, 22.6495],
       device='cuda:3')
  --sphere_n_batches: 5020, n_points: 4015905088
  --sphere_n_batches: 10040, n_points: 4015905088
[Iter 5]     R01 error: 0.2603,   Schur error: 0.3351,   S error: 0.0851
S_next: tensor([10.7852,  6.8038,  6.8017,  6.8016,  6.8038, 10.7856,  6.8037,  6.8036,
         6.8017,  6.8037, 10.7863,  6.8014,  6.8015,  6.8036,  6.8014, 10.7860],
       device='cuda:3')
R_01_next: tensor([31.2074, 29.8528, 29.8528, 29.8528, 29.8534, 31.2083, 29.8534, 29.8534,
        29.8520, 29.8521, 31.2070, 29.8519, 29.8520, 29.8521, 29.8520, 31.2072],
       device='cuda:3')
schur_next: tensor([22.5310, 14.5118, 14.5069, 14.5068, 14.5118, 22.5330, 14.5112, 14.5111,
        14.5069, 14.5113, 22.5309, 14.5068, 14.5068, 14.5110, 14.5067, 22.5299],
       device='cuda:3')

Refining alpha =  6.00, lambda = 0.0
******************** State evolution (α= 6.00, λ=0.0, R_00 = [14.24  13.58  13.58  14.24]) ********************
  --sphere_n_batches: 5020, n_points: 4015905088
  --sphere_n_batches: 10040, n_points: 4015905088
[Iter 1]     R01 error: 0.2094,   Schur error: 1.1811,   S error: 0.3052
S_next: tensor([9.5226, 5.9548, 5.9523, 5.9521, 5.9548, 9.5233, 5.9549, 5.9547, 5.9523,
        5.9549, 9.5238, 5.9525, 5.9521, 5.9547, 5.9525, 9.5236],
       device='cuda:3')
R_01_next: tensor([29.3342, 28.0459, 28.0457, 28.0456, 28.0486, 29.3376, 28.0487, 28.0487,
        28.0464, 28.0468, 29.3354, 28.0465, 28.0457, 28.0461, 28.0459, 29.3348],
       device='cuda:3')
schur_next: tensor([18.9305, 12.0507, 12.0450, 12.0442, 12.0508, 18.9333, 12.0518, 12.0510,
        12.0449, 12.0516, 18.9319, 12.0463, 12.0442, 12.0509, 12.0463, 18.9321],
       device='cuda:3')
  --sphere_n_batches: 5020, n_points: 4015905088
  --sphere_n_batches: 10040, n_points: 4015905088
[Iter 2]     R01 error: 0.1163,   Schur error: 0.4526,   S error: 0.1202
S_next: tensor([9.4761, 5.9328, 5.9306, 5.9304, 5.9328, 9.4768, 5.9328, 5.9326, 5.9306,
        5.9328, 9.4772, 5.9305, 5.9304, 5.9326, 5.9305, 9.4769],
       device='cuda:3')
R_01_next: tensor([29.3014, 28.0190, 28.0189, 28.0189, 28.0206, 29.3034, 28.0207, 28.0207,
        28.0188, 28.0191, 29.3017, 28.0188, 28.0186, 28.0188, 28.0187, 29.3015],
       device='cuda:3')
schur_next: tensor([18.7554, 11.9683, 11.9634, 11.9628, 11.9683, 18.7578, 11.9687, 11.9681,
        11.9634, 11.9686, 18.7561, 11.9638, 11.9628, 11.9680, 11.9638, 18.7555],
       device='cuda:3')
  --sphere_n_batches: 5020, n_points: 4015905088
  --sphere_n_batches: 10040, n_points: 4015905088
[Iter 3]     R01 error: 0.2158,   Schur error: 0.3149,   S error: 0.0850
S_next: tensor([9.4428, 5.9175, 5.9155, 5.9154, 5.9175, 9.4434, 5.9175, 5.9173, 5.9155,
        5.9175, 9.4439, 5.9153, 5.9153, 5.9173, 5.9153, 9.4436],
       device='cuda:3')
R_01_next: tensor([29.2440, 27.9666, 27.9666, 27.9666, 27.9676, 29.2454, 27.9677, 27.9677,
        27.9661, 27.9663, 29.2440, 27.9661, 27.9661, 27.9662, 27.9662, 29.2440],
       device='cuda:3')
schur_next: tensor([18.6316, 11.9122, 11.9078, 11.9075, 11.9122, 18.6336, 11.9121, 11.9118,
        11.9078, 11.9122, 18.6321, 11.9079, 11.9074, 11.9117, 11.9078, 18.6313],
       device='cuda:3')
  --sphere_n_batches: 5020, n_points: 4015905088
  --sphere_n_batches: 10040, n_points: 4015905088
[Iter 4]     R01 error: 0.2444,   Schur error: 0.2898,   S error: 0.0779
S_next: tensor([9.4138, 5.9025, 5.9006, 5.9005, 5.9025, 9.4143, 5.9024, 5.9023, 5.9006,
        5.9024, 9.4148, 5.9003, 5.9005, 5.9023, 5.9003, 9.4146],
       device='cuda:3')
R_01_next: tensor([29.1801, 27.9066, 27.9066, 27.9067, 27.9074, 29.1811, 27.9074, 27.9075,
        27.9060, 27.9061, 29.1798, 27.9060, 27.9061, 27.9062, 27.9061, 29.1799],
       device='cuda:3')
schur_next: tensor([18.5235, 11.8565, 11.8524, 11.8522, 11.8564, 18.5253, 11.8562, 11.8560,
        11.8523, 11.8562, 18.5238, 11.8522, 11.8522, 11.8560, 11.8522, 18.5232],
       device='cuda:3')
  --sphere_n_batches: 5020, n_points: 4015905088
  --sphere_n_batches: 10040, n_points: 4015905088
[Iter 5]     R01 error: 0.2474,   Schur error: 0.2805,   S error: 0.0748
S_next: tensor([9.3872, 5.8873, 5.8854, 5.8853, 5.8873, 9.3878, 5.8871, 5.8870, 5.8854,
        5.8871, 9.3883, 5.8851, 5.8853, 5.8870, 5.8851, 9.3880],
       device='cuda:3')
R_01_next: tensor([29.1159, 27.8457, 27.8457, 27.8457, 27.8463, 29.1168, 27.8463, 27.8464,
        27.8450, 27.8451, 29.1155, 27.8450, 27.8451, 27.8452, 27.8452, 29.1157],
       device='cuda:3')
schur_next: tensor([18.4242, 11.7992, 11.7952, 11.7951, 11.7992, 18.4260, 11.7988, 11.7987,
        11.7952, 11.7988, 18.4245, 11.7950, 11.7951, 11.7987, 11.7950, 18.4240],
       device='cuda:3')

Refining alpha =  7.00, lambda = 0.0
******************** State evolution (α= 7.00, λ=0.0, R_00 = [14.24  13.58  13.58  14.24]) ********************
  --sphere_n_batches: 5020, n_points: 4015905088
  --sphere_n_batches: 10040, n_points: 4015905088
[Iter 1]     R01 error: 0.0044,   Schur error: 0.4269,   S error: 0.1204
S_next: tensor([5.5900, 3.4240, 3.4231, 3.4231, 3.4239, 5.5905, 3.4239, 3.4239, 3.4231,
        3.4239, 5.5906, 3.4230, 3.4231, 3.4238, 3.4230, 5.5905],
       device='cuda:3')
R_01_next: tensor([22.9198, 21.8968, 21.8969, 21.8969, 21.8970, 22.9202, 21.8970, 21.8970,
        21.8968, 21.8968, 22.9199, 21.8968, 21.8969, 21.8969, 21.8969, 22.9200],
       device='cuda:3')
schur_next: tensor([8.7636, 5.4568, 5.4556, 5.4555, 5.4568, 8.7644, 5.4567, 5.4566, 5.4556,
        5.4567, 8.7641, 5.4554, 5.4554, 5.4566, 5.4554, 8.7638],
       device='cuda:3')
  --sphere_n_batches: 5020, n_points: 4015905088
  --sphere_n_batches: 10040, n_points: 4015905088
[Iter 2]     R01 error: 0.1218,   Schur error: 0.1731,   S error: 0.0494
S_next: tensor([5.6083, 3.4336, 3.4326, 3.4325, 3.4336, 5.6088, 3.4335, 3.4335, 3.4326,
        3.4335, 5.6090, 3.4324, 3.4325, 3.4335, 3.4324, 5.6089],
       device='cuda:3')
R_01_next: tensor([22.9525, 21.9265, 21.9265, 21.9265, 21.9269, 22.9532, 21.9269, 21.9269,
        21.9263, 21.9264, 22.9524, 21.9263, 21.9264, 21.9265, 21.9265, 22.9525],
       device='cuda:3')
schur_next: tensor([8.8264, 5.4913, 5.4897, 5.4897, 5.4913, 8.8273, 5.4911, 5.4910, 5.4898,
        5.4912, 8.8270, 5.4895, 5.4897, 5.4911, 5.4895, 8.8267],
       device='cuda:3')
  --sphere_n_batches: 5020, n_points: 4015905088
  --sphere_n_batches: 10040, n_points: 4015905088
[Iter 3]     R01 error: 0.1468,   Schur error: 0.1187,   S error: 0.0360
S_next: tensor([5.6216, 3.4407, 3.4396, 3.4396, 3.4407, 5.6220, 3.4406, 3.4405, 3.4396,
        3.4406, 5.6222, 3.4394, 3.4396, 3.4406, 3.4394, 5.6221],
       device='cuda:3')
R_01_next: tensor([22.9909, 21.9627, 21.9626, 21.9626, 21.9631, 22.9917, 21.9632, 21.9632,
        21.9624, 21.9625, 22.9908, 21.9624, 21.9625, 21.9626, 21.9625, 22.9909],
       device='cuda:3')
schur_next: tensor([8.8694, 5.5151, 5.5134, 5.5133, 5.5150, 8.8703, 5.5149, 5.5148, 5.5133,
        5.5149, 8.8699, 5.5130, 5.5133, 5.5148, 5.5130, 8.8696],
       device='cuda:3')
  --sphere_n_batches: 5020, n_points: 4015905088
  --sphere_n_batches: 10040, n_points: 4015905088
[Iter 4]     R01 error: 0.1431,   Schur error: 0.1017,   S error: 0.0320
S_next: tensor([5.6327, 3.4473, 3.4462, 3.4462, 3.4473, 5.6332, 3.4472, 3.4472, 3.4462,
        3.4472, 5.6334, 3.4460, 3.4462, 3.4472, 3.4460, 5.6333],
       device='cuda:3')
R_01_next: tensor([23.0280, 21.9980, 21.9980, 21.9980, 21.9985, 23.0288, 21.9986, 21.9986,
        21.9977, 21.9978, 23.0278, 21.9977, 21.9978, 21.9979, 21.9978, 23.0279],
       device='cuda:3')
schur_next: tensor([8.9046, 5.5364, 5.5346, 5.5345, 5.5363, 8.9055, 5.5361, 5.5360, 5.5345,
        5.5361, 8.9050, 5.5342, 5.5344, 5.5360, 5.5342, 8.9048],
       device='cuda:3')
  --sphere_n_batches: 5020, n_points: 4015905088
  --sphere_n_batches: 10040, n_points: 4015905088
[Iter 5]     R01 error: 0.1310,   Schur error: 0.0904,   S error: 0.0288
S_next: tensor([5.6424, 3.4535, 3.4524, 3.4524, 3.4535, 5.6428, 3.4534, 3.4534, 3.4524,
        3.4534, 5.6431, 3.4522, 3.4523, 3.4533, 3.4522, 5.6429],
       device='cuda:3')
R_01_next: tensor([23.0617, 22.0305, 22.0304, 22.0304, 22.0310, 23.0625, 22.0310, 22.0310,
        22.0301, 22.0302, 23.0615, 22.0301, 22.0303, 22.0303, 22.0303, 23.0616],
       device='cuda:3')
schur_next: tensor([8.9346, 5.5559, 5.5540, 5.5539, 5.5558, 8.9356, 5.5556, 5.5555, 5.5540,
        5.5556, 8.9351, 5.5537, 5.5539, 5.5555, 5.5536, 8.9348],
       device='cuda:3')

Refining alpha =  7.50, lambda = 0.0
******************** State evolution (α= 7.50, λ=0.0, R_00 = [14.24  13.58  13.58  14.24]) ********************
  --sphere_n_batches: 5020, n_points: 4015905088
  --sphere_n_batches: 10040, n_points: 4015905088
[Iter 1]     R01 error: 0.0092,   Schur error: 0.0052,   S error: 0.0017
S_next: tensor([4.8238, 2.9378, 2.9368, 2.9368, 2.9378, 4.8242, 2.9377, 2.9376, 2.9368,
        2.9376, 4.8244, 2.9366, 2.9368, 2.9376, 2.9366, 4.8243],
       device='cuda:3')
R_01_next: tensor([21.9325, 20.9494, 20.9493, 20.9493, 20.9500, 21.9333, 20.9500, 20.9500,
        20.9492, 20.9492, 21.9324, 20.9492, 20.9492, 20.9493, 20.9492, 21.9325],
       device='cuda:3')
schur_next: tensor([7.3127, 4.5267, 4.5251, 4.5251, 4.5267, 7.3136, 4.5265, 4.5265, 4.5251,
        4.5265, 7.3132, 4.5248, 4.5251, 4.5264, 4.5249, 7.3130],
       device='cuda:3')

Refining alpha =  8.00, lambda = 0.0
******************** State evolution (α= 8.00, λ=0.0, R_00 = [14.24  13.58  13.58  14.24]) ********************
  --sphere_n_batches: 5020, n_points: 4015905088
  --sphere_n_batches: 10040, n_points: 4015905088
[Iter 1]     R01 error: 0.0018,   Schur error: 0.3241,   S error: 0.1027
S_next: tensor([4.1248, 2.4969, 2.4963, 2.4963, 2.4969, 4.1252, 2.4969, 2.4969, 2.4963,
        2.4969, 4.1253, 2.4962, 2.4963, 2.4969, 2.4962, 4.1253],
       device='cuda:3')
R_01_next: tensor([20.7085, 19.7756, 19.7756, 19.7756, 19.7758, 20.7089, 19.7758, 19.7758,
        19.7756, 19.7756, 20.7086, 19.7756, 19.7756, 19.7756, 19.7756, 20.7086],
       device='cuda:3')
schur_next: tensor([5.9079, 3.6292, 3.6284, 3.6283, 3.6292, 5.9085, 3.6292, 3.6291, 3.6284,
        3.6292, 5.9084, 3.6283, 3.6284, 3.6292, 3.6283, 5.9083],
       device='cuda:3')
  --sphere_n_batches: 5020, n_points: 4015905088
  --sphere_n_batches: 10040, n_points: 4015905088
[Iter 2]     R01 error: 0.1085,   Schur error: 0.1172,   S error: 0.0376
S_next: tensor([4.1388, 2.5043, 2.5035, 2.5035, 2.5043, 4.1391, 2.5042, 2.5042, 2.5035,
        2.5042, 4.1393, 2.5034, 2.5035, 2.5042, 2.5034, 4.1393],
       device='cuda:3')
R_01_next: tensor([20.7376, 19.8021, 19.8020, 19.8020, 19.8024, 20.7382, 19.8025, 19.8025,
        19.8020, 19.8020, 20.7376, 19.8020, 19.8020, 19.8020, 19.8020, 20.7376],
       device='cuda:3')
schur_next: tensor([5.9509, 3.6525, 3.6514, 3.6514, 3.6524, 5.9514, 3.6523, 3.6523, 3.6514,
        3.6524, 5.9512, 3.6512, 3.6513, 3.6523, 3.6512, 5.9511],
       device='cuda:3')
  --sphere_n_batches: 5020, n_points: 4015905088
  --sphere_n_batches: 10040, n_points: 4015905088
[Iter 3]     R01 error: 0.1251,   Schur error: 0.0749,   S error: 0.0252
S_next: tensor([4.1480, 2.5093, 2.5085, 2.5085, 2.5093, 4.1483, 2.5092, 2.5092, 2.5085,
        2.5092, 4.1485, 2.5084, 2.5085, 2.5092, 2.5084, 4.1485],
       device='cuda:3')
R_01_next: tensor([20.7702, 19.8328, 19.8328, 19.8328, 19.8333, 20.7710, 19.8333, 19.8333,
        19.8327, 19.8328, 20.7702, 19.8327, 19.8327, 19.8328, 19.8327, 20.7702],
       device='cuda:3')
schur_next: tensor([5.9778, 3.6675, 3.6664, 3.6663, 3.6675, 5.9784, 3.6674, 3.6673, 3.6663,
        3.6674, 5.9782, 3.6661, 3.6663, 3.6674, 3.6661, 5.9781],
       device='cuda:3')
  --sphere_n_batches: 5020, n_points: 4015905088
  --sphere_n_batches: 10040, n_points: 4015905088
[Iter 4]     R01 error: 0.1170,   Schur error: 0.0612,   S error: 0.0212
S_next: tensor([4.1553, 2.5137, 2.5129, 2.5129, 2.5137, 4.1556, 2.5136, 2.5136, 2.5129,
        2.5137, 4.1558, 2.5128, 2.5129, 2.5136, 2.5128, 4.1558],
       device='cuda:3')
R_01_next: tensor([20.8004, 19.8618, 19.8617, 19.8617, 19.8623, 20.8012, 19.8623, 19.8623,
        19.8616, 19.8617, 20.8004, 19.8616, 19.8616, 19.8617, 19.8616, 20.8004],
       device='cuda:3')
schur_next: tensor([5.9987, 3.6804, 3.6792, 3.6792, 3.6804, 5.9994, 3.6803, 3.6802, 3.6792,
        3.6803, 5.9992, 3.6790, 3.6792, 3.6803, 3.6790, 5.9991],
       device='cuda:3')
  --sphere_n_batches: 5020, n_points: 4015905088
  --sphere_n_batches: 10040, n_points: 4015905088
[Iter 5]     R01 error: 0.1029,   Schur error: 0.0523,   S error: 0.0183
S_next: tensor([4.1613, 2.5177, 2.5169, 2.5169, 2.5177, 4.1616, 2.5176, 2.5176, 2.5169,
        2.5176, 4.1619, 2.5168, 2.5169, 2.5176, 2.5168, 4.1618],
       device='cuda:3')
R_01_next: tensor([20.8269, 19.8873, 19.8872, 19.8872, 19.8878, 20.8276, 19.8878, 19.8878,
        19.8871, 19.8871, 20.8268, 19.8871, 19.8871, 19.8872, 19.8871, 20.8268],
       device='cuda:3')
schur_next: tensor([6.0158, 3.6919, 3.6906, 3.6906, 3.6918, 6.0165, 3.6917, 3.6916, 3.6907,
        3.6918, 6.0163, 3.6904, 3.6906, 3.6917, 3.6904, 6.0162],
       device='cuda:3')

Refining alpha =  9.00, lambda = 0.0
******************** State evolution (α= 9.00, λ=0.0, R_00 = [14.24  13.58  13.58  14.24]) ********************
  --sphere_n_batches: 5020, n_points: 4015905088
  --sphere_n_batches: 10040, n_points: 4015905088
[Iter 1]     R01 error: 0.0007,   Schur error: 0.2688,   S error: 0.0918
S_next: tensor([3.2808, 1.9703, 1.9698, 1.9698, 1.9703, 3.2811, 1.9703, 1.9703, 1.9698,
        1.9703, 3.2812, 1.9697, 1.9698, 1.9703, 1.9697, 3.2812],
       device='cuda:3')
R_01_next: tensor([19.4150, 18.5350, 18.5351, 18.5351, 18.5352, 19.4154, 18.5353, 18.5353,
        18.5351, 18.5351, 19.4151, 18.5351, 18.5351, 18.5351, 18.5351, 19.4151],
       device='cuda:3')
schur_next: tensor([4.4359, 2.6992, 2.6986, 2.6986, 2.6993, 4.4364, 2.6992, 2.6992, 2.6986,
        2.6992, 4.4363, 2.6985, 2.6985, 2.6992, 2.6985, 4.4362],
       device='cuda:3')
  --sphere_n_batches: 5020, n_points: 4015905088
  --sphere_n_batches: 10040, n_points: 4015905088
[Iter 2]     R01 error: 0.0998,   Schur error: 0.0877,   S error: 0.0303
S_next: tensor([3.2920, 1.9762, 1.9756, 1.9756, 1.9762, 3.2924, 1.9761, 1.9761, 1.9756,
        1.9761, 3.2925, 1.9755, 1.9756, 1.9761, 1.9755, 3.2925],
       device='cuda:3')
R_01_next: tensor([19.4418, 18.5594, 18.5594, 18.5594, 18.5597, 19.4423, 18.5598, 18.5598,
        18.5593, 18.5593, 19.4417, 18.5593, 18.5593, 18.5593, 18.5593, 19.4417],
       device='cuda:3')
schur_next: tensor([4.4680, 2.7165, 2.7157, 2.7157, 2.7165, 4.4685, 2.7165, 2.7164, 2.7157,
        2.7165, 4.4684, 2.7156, 2.7157, 2.7165, 2.7156, 4.4684],
       device='cuda:3')
  --sphere_n_batches: 5020, n_points: 4015905088
